[MC]
plug=0.0
rgrid=0.41783,0.71078
zgrid=0.0,1.0,2.0
jrsrc=0
Amass=1.0e+6,1.0e+6
sigtot=0.9390,3.4500
cratio=0.406816,0.993565
nhist=1000000
